camera_name: infra2_right
image_width: 848
image_height: 480

camera_matrix:
  fx: 420.2991027832031
  fy: 420.2991027832031
  cx: 423.8970031738281
  cy: 240.04623413085938

distortion_model: plumb_bob
distortion_coefficients:
  k1: 0.0
  k2: 0.0
  p1: 0.0
  p2: 0.0
  k3: 0.0
